0000000010000000000000000000000
0000001111110011111111100000000
0000011111111111111111111000000
0001111100111111111111111100000
0011111110111111000001111110000
0011110111111100000000011110000
0000111111111111100000001111000
0000111111111111110000000111000
0000011110000000111000000111100
0000011100000000011100000011100
0000111000000000001100000011100
0001110000000000001110000011100
0011110000011000001110000011100
0011110000111000001110000011100
0000110000111000001110000011100
0000110000111000001110000011100
0000110000111000001110000011000
0000111001111100011100000111000
0000111111111111111100000110000
0000111111111111111100011110000
0000011111101111111111111100000
0000001111000111110111110000000
0000000110000011100011100000000
